0.001;0.001;0.9999999344223508;4.9183236899841276e-08
0.002;0.002;0.9987956349435491;0.000903273792338205
0.003;0.003;0.9978499122079281;0.001612565844053948
0.004;0.004;0.9963780269833018;0.002716479762523649
0.005;0.005;0.993934162913776;0.004549377814667993
0.006;0.006;0.9914609932163474;0.006404255087739452
0.007;0.007;0.9919188970316014;0.006060827226298943
0.008;0.008;0.988500747521666;0.00862443935875054
0.009000000000000001;0.009000000000000001;0.9862123028111347;0.010340772891648975
0.010000000000000002;0.010000000000000002;0.9836843016286222;0.012236773778533355
0.011000000000000003;0.011000000000000003;0.9846598266768365;0.011505129992372631
0.012000000000000004;0.012000000000000004;0.9804043821804581;0.014696713364656416
0.013000000000000005;0.013000000000000005;0.9811485912121185;0.014138556590911122
0.014000000000000005;0.014000000000000005;0.9789055448292986;0.015820841378026057
0.015000000000000006;0.015000000000000006;0.9766434832412267;0.017517387569079945
0.016000000000000007;0.016000000000000007;0.9752254289447008;0.018580928291474424
0.017000000000000008;0.017000000000000008;0.9736961803493394;0.019727864737995482
0.01800000000000001;0.01800000000000001;0.972592278377578;0.0205557912168165
0.01900000000000001;0.01900000000000001;0.9697778557777994;0.022666608166650448
0.02000000000000001;0.02000000000000001;0.967459856467585;0.024405107649311225
0.02100000000000001;0.02100000000000001;0.9657184741432652;0.025711144392551122
0.022000000000000013;0.022000000000000013;0.9682206474785884;0.023834514391058714
0.023000000000000013;0.023000000000000013;0.9670753233767992;0.024693507467400566
0.024000000000000014;0.024000000000000014;0.9619356102616048;0.028548292303796408
0.025000000000000015;0.025000000000000015;0.9628561542459566;0.027857884315532544
0.026000000000000016;0.026000000000000016;0.9617664612304901;0.028675154077132392
0.027000000000000017;0.027000000000000017;0.9611471365414591;0.029139647593905665
0.028000000000000018;0.028000000000000018;0.9570320296506265;0.03222597776203012
0.02900000000000002;0.02900000000000002;0.9560369721138853;0.032972270914586044
0.03000000000000002;0.03000000000000002;0.9591885861333511;0.030608560399986662
0.03100000000000002;0.03100000000000002;0.9544482046457008;0.034163846515724405
0.03200000000000002;0.03200000000000002;0.9515893844370189;0.03630796167223582
0.03300000000000002;0.03300000000000002;0.9509956416924731;0.03675326873064519
0.03400000000000002;0.03400000000000002;0.9475291247854865;0.03935315641088516
0.035000000000000024;0.035000000000000024;0.9489695618260902;0.03827282863043238
0.036000000000000025;0.036000000000000025;0.950643068599062;0.0370176985507035
0.037000000000000026;0.037000000000000026;0.9415527834616558;0.04383541240375813
0.03800000000000003;0.03800000000000003;0.9442622557001715;0.041803308224871355
0.03900000000000003;0.03900000000000003;0.9419078056306106;0.043569145777042045
0.04000000000000003;0.04000000000000003;0.9417522240014453;0.043685831998916014
0.04100000000000003;0.04100000000000003;0.9456853736415074;0.04073596976886945
0.04200000000000003;0.04200000000000003;0.9383785200678568;0.04621610994910738
0.04300000000000003;0.04300000000000003;0.9245370022740228;0.0565972482944829
0.04400000000000003;0.04400000000000003;0.9304983276964539;0.05212625422765957
0.04500000000000003;0.04500000000000003;0.9339570662701084;0.04953220029741867
0.046000000000000034;0.046000000000000034;0.9251839444213822;0.05611204168396336
0.047000000000000035;0.047000000000000035;0.9258470025401007;0.055614748094924504
0.048000000000000036;0.048000000000000036;0.9388800626113168;0.045839953041512366
0.04900000000000004;0.04900000000000004;0.9315058929743164;0.051370580269262694
0.05000000000000004;0.05000000000000004;0.9211262875832696;0.05915528431254777
0.05100000000000004;0.05100000000000004;0.9169527114809779;0.062285466389266575
0.05200000000000004;0.05200000000000004;0.9210268639360221;0.05922985204798345
0.05300000000000004;0.05300000000000004;0.9246669759636832;0.05649976802723761
0.05400000000000004;0.05400000000000004;0.9254079031454033;0.0559440726409475
0.05500000000000004;0.05500000000000004;0.9190996550867905;0.06067525868490714
0.05600000000000004;0.05600000000000004;0.9250500261727455;0.05621248037044091
0.057000000000000044;0.057000000000000044;0.9064260739363148;0.0701804445477639
0.058000000000000045;0.058000000000000045;0.9137128430412589;0.06471536771905584
0.059000000000000045;0.059000000000000045;0.9090074711236754;0.06824439665724344
0.060000000000000046;0.060000000000000046;0.9159399995100732;0.06304500036744509
0.06100000000000005;0.06100000000000005;0.9146920419181385;0.06398096856139615
0.06200000000000005;0.06200000000000005;0.9151957704944018;0.06360317212919864
0.06300000000000004;0.06300000000000004;0.8984613643172502;0.07615397676206234
0.06400000000000004;0.06400000000000004;0.9114184790696955;0.06643614069772835
0.06500000000000004;0.06500000000000004;0.9115618653300764;0.06632860100244267
0.06600000000000004;0.06600000000000004;0.910669605208233;0.06699779609382522
0.06700000000000005;0.06700000000000005;0.8796602769060055;0.09025479232049591
0.06800000000000005;0.06800000000000005;0.910438015122428;0.06717148865817904
0.06900000000000005;0.06900000000000005;0.9013044491202288;0.07402166315982842
0.07000000000000005;0.07000000000000005;0.876941765878002;0.09229367559149851
0.07100000000000005;0.07100000000000005;0.8994119492927467;0.07544103803043997
0.07200000000000005;0.07200000000000005;0.8999438297647039;0.07504212767647209
0.07300000000000005;0.07300000000000005;0.8892793147420737;0.08304051394344475
0.07400000000000005;0.07400000000000005;0.8931286915287058;0.08015348135347067
0.07500000000000005;0.07500000000000005;0.8947992744234767;0.07890054418239245
0.07600000000000005;0.07600000000000005;0.8931394912552498;0.08014538155856263
0.07700000000000005;0.07700000000000005;0.8925805535485487;0.08056458483858847
0.07800000000000006;0.07800000000000006;0.8915988027313148;0.08130089795151393
0.07900000000000006;0.07900000000000006;0.8803334166358285;0.0897499375231286
0.08000000000000006;0.08000000000000006;0.8924233826376765;0.08068246302174262
0.08100000000000006;0.08100000000000006;0.8765754931012485;0.09256838017406363
0.08200000000000006;0.08200000000000006;0.873835384065639;0.09462346195077076
0.08300000000000006;0.08300000000000006;0.891682540047044;0.08123809496471704
0.08400000000000006;0.08400000000000006;0.8819513485384651;0.08853648859615115
0.08500000000000006;0.08500000000000006;0.8738834381379502;0.09458742139653734
0.08600000000000006;0.08600000000000006;0.8722112730236191;0.09584154523228566
0.08700000000000006;0.08700000000000006;0.8698294873581031;0.0976278844814227
0.08800000000000006;0.08800000000000006;0.8711504743094184;0.09663714426793621
0.08900000000000007;0.08900000000000007;0.8585867248671779;0.10605995634961657
0.09000000000000007;0.09000000000000007;0.8707624111207845;0.09692819165941166
0.09100000000000007;0.09100000000000007;0.859140022966435;0.10564498277517376
0.09200000000000007;0.09200000000000007;0.862764531070774;0.1029266016969195
0.09300000000000007;0.09300000000000007;0.8672221902566214;0.09958335730753395
0.09400000000000007;0.09400000000000007;0.8663158649009227;0.10026310132430796
0.09500000000000007;0.09500000000000007;0.864136916018311;0.10189731298626675
0.09600000000000007;0.09600000000000007;0.8598886998622989;0.10508347510327584
0.09700000000000007;0.09700000000000007;0.8658449239753282;0.10061630701850385
0.09800000000000007;0.09800000000000007;0.835762135447154;0.12317839841463446
0.09900000000000007;0.09900000000000007;0.8519909325305738;0.11100680060206966
0.10000000000000007;0.10000000000000007;0.8533392652855737;0.10999555103581973
0.10100000000000008;0.10100000000000008;0.836775663022008;0.12241825273349399
0.10200000000000008;0.10200000000000008;0.8677300408436227;0.09920246936728297
0.10300000000000008;0.10300000000000008;0.8478296929732828;0.11412773027003789
0.10400000000000008;0.10400000000000008;0.8496150653549057;0.11278870098382071
0.10500000000000008;0.10500000000000008;0.8491537881164387;0.11313465891267097
0.10600000000000008;0.10600000000000008;0.8269337365081016;0.12979969761892377
0.10700000000000008;0.10700000000000008;0.8530227260651966;0.11023295545110257
0.10800000000000008;0.10800000000000008;0.8335846096790414;0.12481154274071898
0.10900000000000008;0.10900000000000008;0.8548740903001767;0.10884443227486748
0.11000000000000008;0.11000000000000008;0.8501242916303575;0.11240678127723186
0.11100000000000008;0.11100000000000008;0.821356942590869;0.13398229305684825
0.11200000000000009;0.11200000000000009;0.8228346259014762;0.13287403057389288
0.11300000000000009;0.11300000000000009;0.8227197425336188;0.1329601930997859
0.11400000000000009;0.11400000000000009;0.8206414277046002;0.13451892922154982
0.11500000000000009;0.11500000000000009;0.8396247548772544;0.1202814338420592
0.11600000000000009;0.11600000000000009;0.8133983217303956;0.1399512587022033
0.11700000000000009;0.11700000000000009;0.8382590772755576;0.1213056920433318
0.11800000000000009;0.11800000000000009;0.8299840053203098;0.12751199600976765
0.11900000000000009;0.11900000000000009;0.8374887197189156;0.12188346021081331
0.12000000000000009;0.12000000000000009;0.8272341297456108;0.12957440269079187
0.1210000000000001;0.1210000000000001;0.818605847902536;0.136045614073098
0.1220000000000001;0.1220000000000001;0.8280590878469102;0.12895568411481736
0.1230000000000001;0.1230000000000001;0.8634096988068327;0.10244272589487546
0.1240000000000001;0.1240000000000001;0.8298028501804239;0.1276478623646821
